# InputPklFile=PSL_mass00z05.dat, redshift z=0.5, OmegaM=0.317501, h = 0.6711, f0=0.762924, 	b1=1.7167, b2=-0.3546, bs2=-0.409543, b3nl=0.0728076, alpha0=-6.6232, alpha2=-16.3094, alpha4=-20.6674, c~=-0, 	PshotP=4809.5, alpha0shot=0.0805, alpha4shot=-4.3887
#  1.s[Mpc/h]      2.monopole    3.quadrupole 4.hexadecapole
1.000000e-03 9.368882e+03 4.742960e+03 3.034798e+02
1.053611e-03 9.815343e+03 4.978697e+03 3.185576e+02
1.110097e-03 1.028189e+04 5.225035e+03 3.343126e+02
1.169611e-03 1.077028e+04 5.482900e+03 3.508037e+02
1.232315e-03 1.128069e+04 5.752382e+03 3.680364e+02
1.298381e-03 1.181411e+04 6.034009e+03 3.860443e+02
1.367989e-03 1.237138e+04 6.328221e+03 4.048551e+02
1.441328e-03 1.295379e+04 6.635692e+03 4.245116e+02
1.518600e-03 1.356123e+04 6.956368e+03 4.450099e+02
1.600014e-03 1.419474e+04 7.290794e+03 4.663843e+02
1.685793e-03 1.485530e+04 7.639484e+03 4.886672e+02
1.776170e-03 1.554373e+04 8.002864e+03 5.118852e+02
1.871393e-03 1.626053e+04 8.381201e+03 5.360544e+02
1.971721e-03 1.700603e+04 8.774659e+03 5.611846e+02
2.077428e-03 1.778152e+04 9.183918e+03 5.873182e+02
2.188801e-03 1.858699e+04 9.608966e+03 6.144532e+02
2.306146e-03 1.942293e+04 1.005005e+04 6.426041e+02
2.429781e-03 2.028950e+04 1.050725e+04 6.717747e+02
2.560045e-03 2.118798e+04 1.098124e+04 7.020058e+02
2.697292e-03 2.211794e+04 1.147177e+04 7.332794e+02
2.841897e-03 2.307937e+04 1.197884e+04 7.655933e+02
2.994255e-03 2.407240e+04 1.250248e+04 7.989472e+02
3.154781e-03 2.509661e+04 1.304248e+04 8.333238e+02
3.323913e-03 2.615234e+04 1.359898e+04 8.687291e+02
3.502112e-03 2.723759e+04 1.417091e+04 9.050913e+02
3.689865e-03 2.835274e+04 1.475846e+04 9.424167e+02
3.887684e-03 2.949696e+04 1.536115e+04 9.806707e+02
4.096107e-03 3.066840e+04 1.597798e+04 1.019783e+03
4.315705e-03 3.186582e+04 1.660827e+04 1.059705e+03
4.547076e-03 3.308770e+04 1.725117e+04 1.100373e+03
4.790850e-03 3.433169e+04 1.790541e+04 1.141699e+03
5.047694e-03 3.559552e+04 1.856973e+04 1.183595e+03
5.318308e-03 3.687681e+04 1.924284e+04 1.225966e+03
5.603429e-03 3.817183e+04 1.992269e+04 1.268672e+03
5.903836e-03 3.947759e+04 2.060766e+04 1.311595e+03
6.220348e-03 4.078977e+04 2.129540e+04 1.354574e+03
6.553829e-03 4.210575e+04 2.198443e+04 1.397498e+03
6.905189e-03 4.341558e+04 2.266944e+04 1.440013e+03
7.275385e-03 4.472335e+04 2.335247e+04 1.482230e+03
7.665428e-03 4.601248e+04 2.402470e+04 1.523570e+03
8.076381e-03 4.728296e+04 2.468600e+04 1.564004e+03
8.509366e-03 4.852888e+04 2.533314e+04 1.603303e+03
8.965565e-03 4.973867e+04 2.595991e+04 1.641050e+03
9.446220e-03 5.090694e+04 2.656333e+04 1.677033e+03
9.952644e-03 5.202516e+04 2.713877e+04 1.710932e+03
1.048622e-02 5.308292e+04 2.768063e+04 1.742369e+03
1.104840e-02 5.406983e+04 2.818329e+04 1.770964e+03
1.164072e-02 5.497999e+04 2.864350e+04 1.796485e+03
1.226479e-02 5.579653e+04 2.905227e+04 1.818344e+03
1.292232e-02 5.651482e+04 2.940705e+04 1.836360e+03
1.361511e-02 5.712060e+04 2.970023e+04 1.850041e+03
1.434503e-02 5.760417e+04 2.992666e+04 1.859055e+03
1.511408e-02 5.795031e+04 3.007831e+04 1.862898e+03
1.592437e-02 5.815101e+04 3.015098e+04 1.861315e+03
1.677810e-02 5.819670e+04 3.013967e+04 1.854004e+03
1.767759e-02 5.807382e+04 3.003739e+04 1.840563e+03
1.862531e-02 5.777760e+04 2.984186e+04 1.820905e+03
1.962384e-02 5.730224e+04 2.955031e+04 1.794925e+03
2.067590e-02 5.663794e+04 2.915804e+04 1.762427e+03
2.178436e-02 5.578730e+04 2.866686e+04 1.723629e+03
2.295225e-02 5.474713e+04 2.807574e+04 1.678609e+03
2.418275e-02 5.352660e+04 2.738989e+04 1.627771e+03
2.547922e-02 5.213198e+04 2.661351e+04 1.571580e+03
2.684519e-02 5.057605e+04 2.575414e+04 1.510689e+03
2.828439e-02 4.887589e+04 2.482156e+04 1.445889e+03
2.980076e-02 4.705676e+04 2.382976e+04 1.378207e+03
3.139842e-02 4.514247e+04 2.279195e+04 1.308628e+03
3.308173e-02 4.316930e+04 2.172740e+04 1.238404e+03
3.485528e-02 4.116873e+04 2.065221e+04 1.168422e+03
3.672392e-02 3.917783e+04 1.958617e+04 1.100036e+03
3.869273e-02 3.721623e+04 1.853966e+04 1.033925e+03
4.076710e-02 3.532390e+04 1.753260e+04 9.711467e+02
4.295268e-02 3.354811e+04 1.658758e+04 9.127202e+02
4.525543e-02 3.191596e+04 1.571673e+04 8.590433e+02
4.768163e-02 3.044005e+04 1.492371e+04 8.097686e+02
5.023790e-02 2.911427e+04 1.420342e+04 7.642658e+02
5.293122e-02 2.792152e+04 1.354731e+04 7.222780e+02
5.576894e-02 2.683387e+04 1.294130e+04 6.831831e+02
5.875878e-02 2.583123e+04 1.237504e+04 6.465146e+02
6.190892e-02 2.491020e+04 1.184477e+04 6.117652e+02
6.522793e-02 2.393600e+04 1.129562e+04 5.786109e+02
6.872489e-02 2.289225e+04 1.072061e+04 5.465842e+02
7.240932e-02 2.173107e+04 1.010647e+04 5.168986e+02
7.629128e-02 2.043631e+04 9.455318e+03 4.913266e+02
8.038135e-02 1.902587e+04 8.780887e+03 4.708838e+02
8.469070e-02 1.755039e+04 8.107443e+03 4.561017e+02
8.923108e-02 1.608425e+04 7.464421e+03 4.468055e+02
9.401487e-02 1.470581e+04 6.877138e+03 4.418932e+02
9.905513e-02 1.348045e+04 6.353740e+03 4.373918e+02
1.043656e-01 1.245969e+04 5.904045e+03 4.326016e+02
1.099608e-01 1.164570e+04 5.516219e+03 4.259988e+02
1.158559e-01 1.099397e+04 5.171037e+03 4.184109e+02
1.220671e-01 1.042906e+04 4.848415e+03 4.118920e+02
1.286113e-01 9.866460e+03 4.539388e+03 4.102589e+02
1.355063e-01 9.236893e+03 4.245219e+03 4.160572e+02
1.427710e-01 8.527843e+03 3.970972e+03 4.273392e+02
1.504251e-01 7.802519e+03 3.726414e+03 4.407903e+02
1.584896e-01 7.132953e+03 3.504332e+03 4.523817e+02
1.669864e-01 6.569450e+03 3.294359e+03 4.621402e+02
1.759388e-01 6.111201e+03 3.072934e+03 4.687977e+02
1.853711e-01 5.713370e+03 2.846794e+03 4.760317e+02
1.953091e-01 5.321414e+03 2.633492e+03 4.843141e+02
2.057799e-01 4.908328e+03 2.435365e+03 4.883014e+02
2.168120e-01 4.499679e+03 2.261307e+03 4.904327e+02
2.284356e-01 4.132072e+03 2.100397e+03 4.956173e+02
2.406823e-01 3.804723e+03 1.921323e+03 5.022101e+02
2.535856e-01 3.499972e+03 1.728183e+03 5.086348e+02
2.671806e-01 3.203205e+03 1.538441e+03 5.121229e+02
2.815045e-01 2.900574e+03 1.331486e+03 5.070691e+02
2.965964e-01 2.608821e+03 1.112179e+03 5.006214e+02
3.124973e-01 2.334949e+03 8.873479e+02 4.971840e+02
3.292507e-01 2.073342e+03 6.595841e+02 4.945457e+02
3.469022e-01 1.813046e+03 4.158699e+02 4.886486e+02
3.655001e-01 1.548706e+03 1.438092e+02 4.793125e+02
3.850950e-01 1.283862e+03 -1.504635e+02 4.687898e+02
4.057405e-01 1.017817e+03 -4.647741e+02 4.570514e+02
4.274927e-01 7.494702e+02 -8.012538e+02 4.446722e+02
4.504112e-01 4.732104e+02 -1.168783e+03 4.306323e+02
4.745583e-01 1.816699e+02 -1.577930e+03 4.136815e+02
5.000000e-01 -1.082378e+02 -2.002892e+03 3.996932e+02
